{
  "advancedEditorSelectedIdentifier" : "ProjectBrowser",
  "openSceneRelativePaths" : [
    "Scene.usda"
  ],
  "recentIdentifiers" : {

  },
  "sceneCameraHistory" : {
    "D9B3B936-1521-4846-9A39-AA82F7DEC1BF" : [
      {
        "date" : 712879664.18871701,
        "title" : "Untitled",
        "transform" : [
          0.76883184909820557,
          2.7084126053011914e-09,
          -0.63945096731185913,
          0,
          -0.24329486489295959,
          0.92479139566421509,
          -0.29252099990844727,
          0,
          0.5913587212562561,
          0.38047459721565247,
          0.71100920438766479,
          0,
          0.33533886075019836,
          0.23994162678718567,
          0.42979782819747925,
          1
        ]
      },
      {
        "date" : 712879662.11384201,
        "title" : "Untitled",
        "transform" : [
          0.77238130569458008,
          2.7084126053011914e-09,
          -0.63515907526016235,
          0,
          -0.24166190624237061,
          0.92479139566421509,
          -0.29387146234512329,
          0,
          0.58738964796066284,
          0.38047459721565247,
          0.71429169178009033,
          0,
          0.31504201889038086,
          0.2270430326461792,
          0.40845403075218201,
          1
        ]
      },
      {
        "date" : 712879631.767187,
        "title" : "Untitled",
        "transform" : [
          1,
          0,
          -0,
          0,
          -0,
          0.86602550745010376,
          -0.49999982118606567,
          0,
          0,
          0.49999982118606567,
          0.86602550745010376,
          0,
          0,
          0.20054695010185242,
          0.34735751152038574,
          1
        ]
      }
    ]
  },
  "selectedSceneRelativePath" : "Scene.usda"
}